[0m [0m [0m [0m [0m [0m [0m[38;2;241;236;255m▄[0m[38;2;167;135;255m▄[38;2;233;227;255m[48;2;114;61;255m▀[38;2;183;155;255m[48;2;104;46;255m▀[38;2;139;97;255m[48;2;106;47;255m▀[38;2;114;64;255m[48;2;106;47;255m▀[38;2;103;50;255m[48;2;106;47;255m▀[38;2;103;49;255m[48;2;106;47;255m▀[38;2;114;63;255m[48;2;106;47;255m▀[38;2;137;95;255m[48;2;106;47;255m▀[38;2;180;152;255m[48;2;104;46;255m▀[38;2;231;223;255m[48;2;111;59;255m▀[0m[38;2;163;130;255m▄[0m[38;2;238;232;255m▄[0m [0m [0m [0m [0m [0m [0m
[0m [0m [0m [0m [0m[38;2;199;179;254m▄[38;2;211;196;255m[48;2;104;48;255m▀[38;2;118;68;255m[48;2;104;46;255m▀[38;2;106;47;255m[48;2;101;45;255m▀[38;2;106;47;255m[48;2;149;111;255m▀[38;2;101;45;255m[48;2;216;201;255m▀[0m[38;2;122;75;255m▀[0m[38;2;149;112;255m▀[0m[38;2;165;133;255m▀[0m[38;2;165;133;255m▀[0m[38;2;149;112;255m▀[0m[38;2;123;76;255m▀[38;2;101;45;255m[48;2;216;202;255m▀[38;2;106;47;255m[48;2;151;113;255m▀[38;2;106;47;255m[48;2;102;45;255m▀[38;2;116;64;255m[48;2;105;47;255m▀[38;2;206;189;255m[48;2;103;46;255m▀[0m[38;2;193;171;255m▄[0m [0m [0m [0m [0m
[0m [0m [0m[38;2;237;231;255m▄[38;2;210;194;255m[48;2;110;58;255m▀[38;2;101;45;255m[48;2;104;46;255m▀[38;2;103;46;255m[48;2;116;66;255m▀[38;2;113;61;255m[48;2;228;218;254m▀[0m[38;2;204;185;255m▀[0m [0m [0m [0m [0m [0m [0m [0m [0m [0m [38;2;212;197;255m[48;2;229;219;255m▀[38;2;124;77;253m[48;2;148;110;253m▀[38;2;103;46;255m[48;2;102;45;251m▀[38;2;101;45;255m[48;2;72;35;183m▀[38;2;199;183;245m[48;2;104;52;245m▀[0m[38;2;233;224;255m▄[0m [0m [0m
[0m [0m[38;2;217;204;255m▄[38;2;146;109;255m[48;2;102;45;255m▀[38;2;106;47;255m[48;2;104;46;255m▀[38;2;107;54;255m[48;2;190;168;255m▀[0m[38;2;224;213;255m▀[0m [0m [0m [0m [0m [0m [0m [0m[38;2;211;195;255m▄[0m[38;2;155;119;255m▄[38;2;238;232;255m[48;2;109;57;255m▀[38;2;189;165;255m[48;2;106;47;255m▀[38;2;134;90;255m[48;2;102;46;255m▀[38;2;102;45;255m[48;2;103;45;255m▀[38;2;108;48;255m[48;2;76;35;195m▀[38;2;64;30;169m[48;2;41;20;109m▀[38;2;66;30;172m[48;2;129;100;216m▀[38;2;109;48;255m[48;2;103;47;255m▀[38;2;138;98;252m[48;2;104;46;255m▀[0m[38;2;210;195;255m▄[0m [0m
[0m[38;2;237;229;255m▄[38;2;149;113;255m[48;2;106;55;255m▀[38;2;110;49;255m[48;2;107;47;255m▀[38;2;130;87;255m[48;2;200;181;255m▀[0m [0m [0m [0m [0m[38;2;200;180;254m▄[0m[38;2;144;104;255m▄[38;2;231;221;255m[48;2;103;49;255m▀[38;2;178;149;255m[48;2;106;47;255m▀[38;2;125;78;255m[48;2;102;45;255m▀[38;2;103;46;255m[48;2;99;45;255m▀[38;2;105;47;255m[48;2;100;45;255m▀[38;2;100;45;255m[48;2;98;44;252m▀[38;2;98;45;251m[48;2;102;45;255m▀[38;2;103;46;255m[48;2;87;39;224m▀[38;2;81;36;209m[48;2;49;24;125m▀[38;2;46;22;122m[48;2;50;24;133m▀[38;2;57;33;133m[48;2;100;81;161m▀[0m [38;2;139;97;255m[48;2;203;186;252m▀[38;2;110;49;255m[48;2;105;47;255m▀[38;2;142;103;255m[48;2;104;51;255m▀[0m[38;2;229;220;255m▄[0m
[38;2;193;171;255m[48;2;152;117;255m▀[38;2;106;47;255m[48;2;109;49;255m▀[38;2;116;68;255m[48;2;143;104;255m▀[0m[38;2;194;172;255m▄[0m[38;2;135;90;255m▄[38;2;220;208;255m[48;2;101;45;255m▀[38;2;166;134;255m[48;2;106;47;255m▀[38;2;116;66;255m[48;2;101;45;255m▀[38;2;105;47;255m[48;2;100;45;255m▀[38;2;104;46;255m[48;2;100;45;255m▀[38;2;99;44;255m[48;2;99;44;255m▀[38;2;100;46;255m[48;2;99;44;255m▀[38;2;99;45;255m[48;2;99;44;255m▀[38;2;99;44;255m[48;2;98;44;254m▀[38;2;98;44;254m[48;2;100;45;255m▀[38;2;101;45;255m[48;2;96;43;245m▀[38;2;92;41;236m[48;2;54;26;143m▀[38;2;50;24;133m[48;2;46;22;121m▀[38;2;49;25;125m[48;2;48;23;129m▀[38;2;52;25;138m[48;2;49;23;129m▀[38;2;160;148;196m[48;2;216;211;231m▀[0m [0m [38;2;117;69;255m[48;2;157;123;255m▀[38;2;107;48;255m[48;2;110;49;255m▀[38;2;183;158;255m[48;2;145;107;255m▀[0m
[38;2;123;77;255m[48;2;108;56;255m▀[38;2;102;45;255m[48;2;100;45;255m▀[38;2;100;46;255m[48;2;99;44;255m▀[38;2;105;47;255m[48;2;100;45;255m▀[38;2;104;46;255m[48;2;100;46;255m▀[38;2;99;44;255m[48;2;99;44;255m▀[38;2;100;46;255m[48;2;99;44;255m▀[38;2;98;44;255m[48;2;99;44;255m▀[38;2;99;44;255m[48;2;99;44;255m▀[38;2;99;44;255m[48;2;99;44;255m▀[38;2;99;44;255m[48;2;99;44;255m▀[38;2;99;44;255m[48;2;99;44;255m▀[38;2;99;44;254m[48;2;99;44;253m▀[38;2;99;44;254m[48;2;102;45;255m▀[38;2;100;44;252m[48;2;65;30;171m▀[38;2;59;28;156m[48;2;44;22;118m▀[38;2;45;22;119m[48;2;49;23;130m▀[38;2;50;24;129m[48;2;50;26;128m▀[38;2;50;24;131m[48;2;51;25;136m▀[38;2;78;57;145m[48;2;132;118;179m▀[0m [0m [0m [38;2;189;166;254m[48;2;210;194;255m▀[38;2;108;48;255m[48;2;104;46;255m▀[38;2;119;71;255m[48;2;104;51;255m▀[0m
[38;2;102;48;255m[48;2;102;48;255m▀[38;2;99;44;255m[48;2;99;44;255m▀[38;2;99;44;255m[48;2;99;44;255m▀[38;2;99;44;255m[48;2;99;44;255m▀[38;2;99;44;255m[48;2;99;44;255m▀[38;2;99;44;255m[48;2;99;44;255m▀[38;2;99;44;255m[48;2;99;44;255m▀[38;2;99;44;255m[48;2;99;44;255m▀[38;2;99;44;255m[48;2;99;44;255m▀[38;2;99;44;255m[48;2;99;44;255m▀[38;2;99;44;255m[48;2;98;44;253m▀[38;2;98;44;253m[48;2;103;46;255m▀[38;2;103;46;255m[48;2;78;35;202m▀[38;2;71;33;187m[48;2;45;22;118m▀[38;2;44;21;117m[48;2;49;23;129m▀[38;2;49;23;129m[48;2;48;23;127m▀[38;2;48;23;127m[48;2;48;23;127m▀[38;2;49;25;127m[48;2;49;23;129m▀[38;2;50;24;134m[48;2;59;36;133m▀[0m[38;2;191;183;215m▀[0m [0m [0m [38;2;220;208;255m[48;2;220;208;255m▀[38;2;102;45;255m[48;2;102;45;255m▀[38;2;98;44;255m[48;2;98;44;255m▀[0m
[38;2;108;56;255m[48;2;123;77;255m▀[38;2;100;45;255m[48;2;102;45;255m▀[38;2;99;44;255m[48;2;99;45;255m▀[38;2;99;44;255m[48;2;99;44;255m▀[38;2;99;44;255m[48;2;99;44;255m▀[38;2;99;44;255m[48;2;99;44;255m▀[38;2;99;44;255m[48;2;99;44;255m▀[38;2;99;44;255m[48;2;99;44;255m▀[38;2;99;44;255m[48;2;98;44;253m▀[38;2;98;44;253m[48;2;102;45;255m▀[38;2;103;45;255m[48;2;90;40;230m▀[38;2;84;38;217m[48;2;48;23;128m▀[38;2;46;22;122m[48;2;47;23;125m▀[38;2;48;23;127m[48;2;48;23;128m▀[38;2;48;23;128m[48;2;48;23;127m▀[38;2;48;23;127m[48;2;48;23;127m▀[38;2;49;25;127m[48;2;50;26;128m▀[38;2;51;24;134m[48;2;51;25;136m▀[38;2;105;88;162m[48;2;164;153;198m▀[0m [0m [0m [0m [38;2;211;195;255m[48;2;190;167;255m▀[38;2;104;46;255m[48;2;108;48;255m▀[38;2;104;51;255m[48;2;119;71;255m▀[0m
[38;2;151;114;255m[48;2;190;167;255m▀[38;2;104;46;255m[48;2;104;46;255m▀[38;2;100;46;255m[48;2;99;45;255m▀[38;2;99;44;255m[48;2;99;44;255m▀[38;2;99;44;255m[48;2;99;44;255m▀[38;2;99;44;255m[48;2;99;44;255m▀[38;2;99;44;255m[48;2;99;44;254m▀[38;2;98;44;254m[48;2;100;44;254m▀[38;2;101;45;255m[48;2;98;44;249m▀[38;2;94;42;241m[48;2;57;27;149m▀[38;2;52;25;138m[48;2;45;22;120m▀[38;2;46;22;123m[48;2;49;23;129m▀[38;2;49;23;129m[48;2;48;23;127m▀[38;2;48;23;127m[48;2;48;23;127m▀[38;2;48;23;127m[48;2;48;23;127m▀[38;2;48;23;127m[48;2;49;24;127m▀[38;2;48;23;127m[48;2;50;24;132m▀[38;2;49;24;129m[48;2;81;60;147m▀[0m[38;2;219;215;232m▀[0m [0m [0m [0m [38;2;157;123;255m[48;2;116;68;255m▀[38;2;110;49;255m[48;2;107;48;255m▀[38;2;144;106;255m[48;2;182;157;255m▀[0m
[0m[38;2;235;228;255m▀[38;2;105;52;255m[48;2;148;110;255m▀[38;2;100;45;255m[48;2;105;47;255m▀[38;2;99;44;255m[48;2;101;46;255m▀[38;2;99;44;255m[48;2;99;44;255m▀[38;2;99;44;255m[48;2;98;44;253m▀[38;2;99;44;253m[48;2;102;45;255m▀[38;2;101;45;255m[48;2;68;32;179m▀[38;2;62;29;163m[48;2;44;21;117m▀[38;2;44;22;118m[48;2;49;23;130m▀[38;2;49;23;130m[48;2;48;23;127m▀[38;2;48;23;127m[48;2;48;23;127m▀[38;2;48;23;127m[48;2;48;23;127m▀[38;2;48;23;127m[48;2;48;23;127m▀[38;2;48;23;127m[48;2;48;23;127m▀[38;2;50;26;128m[48;2;48;24;127m▀[38;2;51;25;136m[48;2;50;24;133m▀[38;2;136;122;182m[48;2;194;187;217m▀[0m [0m [0m [0m [38;2;206;189;255m[48;2;133;92;255m▀[38;2;105;47;255m[48;2;110;49;255m▀[38;2;104;51;255m[48;2;141;102;255m▀[0m[38;2;229;220;255m▀[0m
[0m [0m[38;2;217;203;255m▀[38;2;104;46;255m[48;2;145;107;253m▀[38;2;100;45;255m[48;2;105;47;255m▀[38;2;98;44;253m[48;2;104;48;255m▀[38;2;103;46;255m[48;2;81;37;210m▀[38;2;75;34;194m[48;2;45;22;120m▀[38;2;44;21;117m[48;2;48;23;128m▀[38;2;49;23;129m[48;2;48;23;127m▀[38;2;48;23;127m[48;2;48;23;127m▀[38;2;48;23;127m[48;2;48;23;127m▀[38;2;48;23;127m[48;2;48;23;127m▀[38;2;48;23;127m[48;2;48;23;127m▀[38;2;48;23;127m[48;2;48;23;127m▀[38;2;48;23;126m[48;2;49;25;127m▀[38;2;49;23;129m[48;2;51;24;134m▀[38;2;61;37;134m[48;2;109;91;164m▀[0m [0m [0m [0m[38;2;225;216;255m▄[38;2;194;173;255m[48;2;108;55;255m▀[38;2;104;46;255m[48;2;106;47;255m▀[38;2;104;46;255m[48;2;139;99;255m▀[0m[38;2;210;195;255m▀[0m [0m
[0m [0m [0m[38;2;237;231;255m▀[38;2;112;59;255m[48;2;207;193;249m▀[38;2;89;40;229m[48;2;55;26;146m▀[38;2;47;23;124m[48;2;47;23;124m▀[38;2;48;23;126m[48;2;49;24;128m▀[38;2;48;23;128m[48;2;48;23;127m▀[38;2;48;23;127m[48;2;48;23;127m▀[38;2;48;23;127m[48;2;48;23;127m▀[38;2;48;23;127m[48;2;48;23;127m▀[38;2;48;23;127m[48;2;48;23;127m▀[38;2;48;23;127m[48;2;48;23;127m▀[38;2;48;23;127m[48;2;48;23;127m▀[38;2;50;26;128m[48;2;48;23;127m▀[38;2;51;25;136m[48;2;50;25;129m▀[38;2;164;153;199m[48;2;229;228;235m▀[0m [0m[38;2;204;185;255m▄[38;2;229;220;255m[48;2;114;62;255m▀[38;2;117;68;255m[48;2;103;46;255m▀[38;2;104;46;255m[48;2;103;46;255m▀[38;2;107;54;255m[48;2;203;185;255m▀[0m[38;2;232;224;255m▀[0m [0m [0m
[0m [0m [0m [0m [0m[38;2;180;172;206m▀[38;2;51;25;133m[48;2;197;190;218m▀[38;2;49;24;130m[48;2;71;48;144m▀[38;2;50;26;127m[48;2;52;25;137m▀[38;2;48;23;127m[48;2;49;23;128m▀[38;2;48;23;127m[48;2;49;25;127m▀[38;2;48;23;127m[48;2;49;24;127m▀[38;2;48;23;127m[48;2;48;23;127m▀[38;2;48;23;127m[48;2;48;23;127m▀[38;2;49;24;127m[48;2;49;23;129m▀[38;2;50;24;132m[48;2;45;22;119m▀[38;2;83;62;148m[48;2;76;40;183m▀[38;2;217;203;255m[48;2;104;46;255m▀[38;2;150;112;255m[48;2;105;47;255m▀[38;2;101;45;255m[48;2;106;47;255m▀[38;2;103;46;255m[48;2;116;64;255m▀[38;2;102;45;255m[48;2;206;189;255m▀[0m[38;2;193;171;255m▀[0m [0m [0m [0m [0m
[0m [0m [0m [0m [0m [0m [0m[38;2;236;234;242m▀[0m[38;2;137;122;183m▀[38;2;62;38;138m[48;2;227;223;237m▀[38;2;50;24;134m[48;2;157;145;195m▀[38;2;50;24;132m[48;2;99;80;160m▀[38;2;49;23;129m[48;2;64;41;138m▀[38;2;48;23;127m[48;2;50;25;128m▀[38;2;49;23;128m[48;2;49;25;126m▀[38;2;46;22;123m[48;2;67;42;146m▀[38;2;90;40;232m[48;2;134;93;250m▀[38;2;107;47;255m[48;2;180;152;255m▀[38;2;110;59;253m[48;2;231;222;253m▀[0m[38;2;165;131;255m▀[0m[38;2;238;232;255m▀[0m [0m [0m [0m [0m [0m [0m
